origin_latitude: 37.874815
origin_longitude: -122.616569
origin_altitude: -1139
